message_size,time_seconds
2048,0.000017474
2112,0.000009121
2176,0.000002662
2240,0.000002642
2304,0.000003099
2368,0.000007528
2432,0.000002733
2496,0.000002557
2560,0.000002662
2624,0.000006989
2688,0.000002862
2752,0.000002721
2816,0.000002952
2880,0.000007216
2944,0.000002930
3008,0.000002848
3072,0.000003478
3136,0.000007665
3200,0.000003112
3264,0.000003496
3328,0.000003618
3392,0.000007587
3456,0.000003528
3520,0.000003717
3584,0.000003616
3648,0.000008389
3712,0.000003776
3776,0.000003605
3840,0.000003579
3904,0.000009676
3968,0.000004024
4032,0.000014852
4096,0.000006361
4160,0.000006085
4224,0.000006004
4288,0.000006176
4352,0.000006143
4416,0.000006040
4480,0.000006266
4544,0.000005976
4608,0.000006472
4672,0.000008718
4736,0.000006021
4800,0.000005951
4864,0.000006003
4928,0.000006187
4992,0.000005942
5056,0.000006008
5120,0.000006008
5184,0.000006031
5248,0.000006219
5312,0.000006172
5376,0.000006178
5440,0.000006250
5504,0.000006322
5568,0.000006302
5632,0.000006560
5696,0.000008845
5760,0.000006568
5824,0.000006378
5888,0.000006349
5952,0.000006422
6016,0.000006392
6080,0.000006405
6144,0.000006365
6208,0.000006788
6272,0.000006616
6336,0.000006807
6400,0.000006832
6464,0.000007319
6528,0.000006776
6592,0.000007005
6656,0.000007107
6720,0.000009378
6784,0.000007006
6848,0.000007290
6912,0.000007055
6976,0.000007152
7040,0.000007141
7104,0.000007176
7168,0.000007154
7232,0.000007598
7296,0.000007406
7360,0.000007546
7424,0.000007433
7488,0.000007593
7552,0.000007597
7616,0.000007790
7680,0.000007853
7744,0.000010075
7808,0.000007717
7872,0.000007813
7936,0.000007660
8000,0.000008013
8064,0.000008747
8128,0.000007976
8192,0.000008131
8256,0.000008958
8320,0.000008833
8384,0.000008155
8448,0.000009034
8512,0.000008187
8576,0.000008793
8640,0.000008782
8704,0.000008962
8768,0.000011480
8832,0.000008793
8896,0.000008762
8960,0.000008768
9024,0.000008832
9088,0.000008800
9152,0.000008864
9216,0.000008775
9280,0.000008976
9344,0.000008811
9408,0.000008859
9472,0.000008932
9536,0.000008899
9600,0.000008861
9664,0.000009078
9728,0.000009112
9792,0.000014249
9856,0.000008973
9920,0.000009184
9984,0.000009010
10048,0.000009256
10112,0.000009403
10176,0.000009229
10240,0.000009262
10304,0.000009311
10368,0.000009515
10432,0.000009365
10496,0.000009466
10560,0.000009288
10624,0.000009534
10688,0.000009546
10752,0.000009711
10816,0.000012167
10880,0.000009762
10944,0.000009495
11008,0.000009616
11072,0.000009666
11136,0.000009667
11200,0.000009808
11264,0.000009743
11328,0.000009956
11392,0.000009976
11456,0.000077370
11520,0.000011782
11584,0.000010497
11648,0.000010659
11712,0.000010496
11776,0.000011752
11840,0.000014309
11904,0.000011532
11968,0.000010660
12032,0.000010551
12096,0.000010708
12160,0.000011677
12224,0.000010797
12288,0.000010973
12352,0.000011584
12416,0.000011445
12480,0.000011498
12544,0.000011503
12608,0.000011630
12672,0.000011964
12736,0.000011634
12800,0.000011763
12864,0.000014274
12928,0.000011608
12992,0.000011487
13056,0.000011558
13120,0.000011513
13184,0.000011554
13248,0.000011592
13312,0.000011656
13376,0.000011586
13440,0.000011630
13504,0.000011754
13568,0.000011700
13632,0.000011698
13696,0.000011811
13760,0.000011885
13824,0.000012429
13888,0.000014462
13952,0.000011858
14016,0.000011691
14080,0.000011780
14144,0.000011872
14208,0.000011639
14272,0.000011792
14336,0.000011846
14400,0.000012236
14464,0.000012128
14528,0.000012221
14592,0.000012238
14656,0.000012198
14720,0.000012319
14784,0.000012455
14848,0.000012581
14912,0.000015469
14976,0.000012608
15040,0.000012487
15104,0.000012447
15168,0.000012343
15232,0.000028681
15296,0.000012205
15360,0.000012023
15424,0.000013149
15488,0.000012714
15552,0.000012656
15616,0.000012627
15680,0.000012496
15744,0.000012450
15808,0.000012562
15872,0.000017996
15936,0.000015610
16000,0.000012751
16064,0.000012800
16128,0.000012801
16192,0.000012882
16256,0.000013339
16320,0.000012876
16384,0.000013044
16448,0.000013352
16512,0.000013010
16576,0.000013223
16640,0.000013240
16704,0.000013183
16768,0.000013056
16832,0.000017701
16896,0.000014020
16960,0.000016941
17024,0.000014202
17088,0.000014176
17152,0.000014225
17216,0.000013492
17280,0.000014275
17344,0.000014223
17408,0.000014323
17472,0.000014254
17536,0.000014238
17600,0.000014263
17664,0.000014166
17728,0.000014179
17792,0.000014645
17856,0.000014141
17920,0.000014749
17984,0.000016928
18048,0.000014203
18112,0.000014146
18176,0.000014198
18240,0.000014251
18304,0.000014191
18368,0.000014197
18432,0.000014304
18496,0.000014418
18560,0.000014334
18624,0.000014707
18688,0.000014471
18752,0.000014568
18816,0.000014497
18880,0.000014525
18944,0.000014555
19008,0.000017181
19072,0.000014805
19136,0.000014625
19200,0.000014476
19264,0.000014722
19328,0.000014686
19392,0.000014635
19456,0.000022239
19520,0.000015284
19584,0.000015096
19648,0.000015228
19712,0.000015096
19776,0.000015197
19840,0.000015105
19904,0.000015139
19968,0.000015437
20032,0.000018334
20096,0.000015486
20160,0.000015281
20224,0.000015144
20288,0.000016260
20352,0.000015799
20416,0.000015520
20480,0.000015855
20544,0.000015771
20608,0.000015554
20672,0.000015771
20736,0.000015789
20800,0.000015899
20864,0.000015763
20928,0.000015856
20992,0.000019459
21056,0.000019720
21120,0.000015906
21184,0.000015967
21248,0.000015980
21312,0.000016181
21376,0.000016065
21440,0.000016842
21504,0.000016923
21568,0.000016856
21632,0.000016872
21696,0.000016873
21760,0.000017330
21824,0.000016952
21888,0.000016942
21952,0.000016935
22016,0.000017045
22080,0.000019642
22144,0.000016828
22208,0.000016824
22272,0.000016862
22336,0.000016898
22400,0.000016969
22464,0.000017497
22528,0.000016968
22592,0.000017178
22656,0.000016985
22720,0.000016995
22784,0.000017190
22848,0.000017162
22912,0.000017066
22976,0.000017160
23040,0.000017203
23104,0.000019742
23168,0.000017943
23232,0.000017372
23296,0.000016979
23360,0.000017050
23424,0.000016837
23488,0.000017013
23552,0.000016962
23616,0.000017227
23680,0.000017420
23744,0.000017101
23808,0.000017390
23872,0.000017989
23936,0.000017370
24000,0.000017397
24064,0.000017510
24128,0.000020453
24192,0.000017629
24256,0.000017601
24320,0.000017618
24384,0.000017544
24448,0.000017912
24512,0.000018213
24576,0.000018496
24640,0.000018120
24704,0.000017860
24768,0.000018024
24832,0.000018205
24896,0.000018083
24960,0.000018155
25024,0.000017993
25088,0.000027839
25152,0.000024226
25216,0.000018632
25280,0.000018508
25344,0.000018365
25408,0.000018493
25472,0.000018526
25536,0.000018601
25600,0.000018672
25664,0.000019547
25728,0.000019582
25792,0.000020105
25856,0.000019489
25920,0.000019593
25984,0.000019579
26048,0.000019481
26112,0.000019664
26176,0.000022203
26240,0.000019540
26304,0.000019593
26368,0.000019562
26432,0.000020219
26496,0.000019589
26560,0.000019538
26624,0.000019568
26688,0.000019549
26752,0.000019461
26816,0.000019599
26880,0.000019653
26944,0.000019542
27008,0.000019920
27072,0.000019613
27136,0.000019696
27200,0.000022417
27264,0.000019939
27328,0.000019786
27392,0.000019937
27456,0.000019680
27520,0.000019837
27584,0.000023187
27648,0.000020509
27712,0.000020186
27776,0.000020267
27840,0.000020070
27904,0.000020185
27968,0.000020284
28032,0.000020254
28096,0.000020194
28160,0.000023373
28224,0.000023502
28288,0.000020610
28352,0.000020272
28416,0.000020552
28480,0.000020618
28544,0.000020766
28608,0.000020582
28672,0.000020853
28736,0.000021038
28800,0.000020922
28864,0.000020840
28928,0.000020826
28992,0.000021007
29056,0.000020852
29120,0.000020955
29184,0.000021235
29248,0.000023729
29312,0.000022568
29376,0.000020925
29440,0.000020657
29504,0.000020692
29568,0.000020831
29632,0.000020781
29696,0.000020798
29760,0.000021082
29824,0.000023892
29888,0.000022339
29952,0.000021007
30016,0.000021058
30080,0.000021139
30144,0.000020990
30208,0.000021213
30272,0.000025047
30336,0.000021437
30400,0.000022415
30464,0.000021511
30528,0.000021413
30592,0.000022299
30656,0.000021358
30720,0.000021475
30784,0.000022295
30848,0.000021510
30912,0.000022856
30976,0.000022296
31040,0.000022272
31104,0.000022251
31168,0.000022258
31232,0.000022426
31296,0.000024942
31360,0.000022376
31424,0.000022552
31488,0.000022023
31552,0.000023124
31616,0.000022304
31680,0.000022339
31744,0.000022306
31808,0.000022400
31872,0.000022278
31936,0.000022618
32000,0.000022266
32064,0.000022485
32128,0.000022253
32192,0.000022513
32256,0.000022664
32320,0.000028512
32384,0.000022575
32448,0.000023354
32512,0.000022661
32576,0.000022698
32640,0.000022866
32704,0.000022592
